
Frequency of ROH per CHR RP1
===========================================================
Statistic N  Mean  St. Dev.  Min   Pctl(25) Pctl(75)  Max  
-----------------------------------------------------------
Chr_1     6 0.0877  0.0124  0.0705  0.0822   0.0981  0.1023
Chr_2     6 0.0980  0.0192  0.0750  0.0839   0.1037  0.1277
Chr_3     6 0.0881  0.0202  0.0647  0.0770   0.0907  0.1236
Chr_4     6 0.0978  0.0290  0.0672  0.0735   0.1209  0.1353
Chr_5     6 0.0767  0.0309  0.0357  0.0573   0.0925  0.1221
Chr_6     6 0.0818  0.0145  0.0653  0.0732   0.0879  0.1059
Chr_7     6 0.0708  0.0140  0.0536  0.0597   0.0779  0.0903
Chr_8     6 0.0953  0.0469  0.0581  0.0726   0.0870  0.1881
Chr_9     6 0.0345  0.0077  0.0278  0.0280   0.0409  0.0445
Chr_10    6 0.0634  0.0126  0.0447  0.0551   0.0719  0.0775
Chr_11    6 0.0907  0.0133  0.0758  0.0832   0.0992  0.1108
Chr_12    6 0.1110  0.0433  0.0720  0.0777   0.1421  0.1742
Chr_13    6 0.0699  0.0174  0.0372  0.0681   0.0779  0.0872
Chr_14    6 0.0601  0.0399  0.0283  0.0317   0.0905  0.1161
Chr_15    6 0.0649  0.0130  0.0536  0.0560   0.0700  0.0875
Chr_16    6 0.0617  0.0103  0.0479  0.0541   0.0707  0.0728
Chr_17    6 0.0854  0.0379  0.0448  0.0533   0.1155  0.1286
Chr_18    6 0.0651  0.0308  0.0355  0.0468   0.0789  0.1170
Chr_19    6 0.0411  0.0176  0.0185  0.0307   0.0533  0.0651
Chr_20    6 0.0622  0.0627  0.0099  0.0220   0.1137  0.1434
Chr_21    6 0.0194  0.0093  0.0078  0.0156   0.0210  0.0357
Chr_22    6 0.0753  0.0333  0.0306  0.0517   0.0969  0.1164
-----------------------------------------------------------
